5412
6081
7447
6919
4217
5116
8039
8423
8767
5848
5777
8870
8701
5106
5920
5140
8568
5637
7935
7714
8603
6494
5488
8252
8000
7483
6580
7769
8251
8363
6722
4663
5443
5168
8345
6424
6284
8146
5846
6813
5757
8386
6683
5457
5255
4365
7360
4822
6766
7058
4298
6368
5314
5786
6382
5076
4269
8962
8845
4282
8324
6566
5708
5530
8497
5816
7954
6543
4961
5562
4356
6718
5711
7802
8938
6966
8167
8061
7788
5932
6118
8086
4062
8195
5635
6444
4270
6667
7168
4878
7712
7255
8207
4420
8785
7704
6999
8501
5246
7960
5825
6365
6441
8299
5166
6378
6264
5096
5438
5814
7791
8319
5663
8617
8276
8061
6060
8547
5727
4991
5187
5201
8246
4393
6384
8793
8860
4382
4055
5869
4105
6643
8234
6546
5942
4400
8924
8206
6259
6125
5020
5049
6206
7446
4665
5482
6506
7489
5791
8233
8480
7741
5196
8488
8897
7581
4042
8757
7963
4860
5625
8068
7503
5621
5613
4444
6784
6300
4413
4042
4187
6196
5092
7156
4641
6520
4400
7147
5008
6954
7142
5250
5694
8338
5500
5591
6918
6305
6110
6644
7165
8498
5711
5668
5118
8088
6875
7903
6150
7288
8708
7100
4483
5562
6018
5124
8083
6419
8271
4853
5135
6412
6867
6830
5750
4129
4183
4430
6435
7056
7074
4599
6553
4548
7030
8434
4398
4905
8099
6548
8956
8570
5410
4439
5131
7428
6326
4976
5609
5597
5830
6745
8772
4459
5337
6284
4588
6283
6715
7786
5101
5551
8386
8417
6099
7178
8613
6497
8846
7712
4807
8802
7281
6980
5003
4174
6171
7329
5151
7780
8926
7744
6287
4460
8203
8387
7507
4553
6432
5221
8340
7533
7536
8488
7712
4634
7428
7325
7895
7274
6036
4464
7838
5079
7445
8841
5253
5378
7169
7167
4920
7858
5910
7208
8318
5875
7357
6824
7192
5552
8809
7294
4847
7344
6781
8560
8741
5971
6884
8398
4244
4682
8863
8082
6524
8070
7922
8540
4447
6854
6707
6130
5711
8617
4337
5791
6255
8458
4377
4446
5009
4185
7740
6619
8292
6283
6178
8796
8254
4824
8193
4261
5506
8818
8343
8793
8650
8028
8333
4859
5881
6039
6990
7592
6418
